Epoch:  0 | Loss: 2.29721125 | Time:   11.9
Epoch:  1 | Loss: 2.29533188 | Time:   14.1
